rotated_z_3 = 28.39853666833586
rotated_z_10 = 27.290110945506278
rotated_z_12 = 28.04649527644057
rotated_z_13 = 17.816796162776157
rotated_z_26 = 20.81862292070424
rotated_z_27 = 24.7489957701902
rotated_z_28 = 25.845027373114583
rotated_z_30 = 19.993117413038163
rotated_z_31 = 26.94270469660043
rotated_z_34 = 25.77904479893655
rotated_z_42 = 19.469039868891585
rotated_z_43 = 27.263281756702924
rotated_z_47 = 27.788988250049503
rotated_z_49 = 29.410230181432457
rotated_z_53 = 25.89716069799529
rotated_z_54 = 26.07861987031287
rotated_z_56 = 24.46832154376477
rotated_z_57 = 27.056580053464835
rotated_z_58 = 28.85337173622135
rotated_z_66 = 26.111441068775065
rotated_z_70 = 24.379809243173085
rotated_z_75 = 26.40584776838671
rotated_z_76 = 23.176151304850563
rotated_z_77 = 28.08666875498957
rotated_z_83 = 24.279198182396303
rotated_z_89 = 29.432335754836327
rotated_z_92 = 29.18193503645295
rotated_z_97 = 18.654284302295462
rotated_z_101 = 31.376954712424684
rotated_z_108 = 27.355492192839368
rotated_z_111 = 25.07586154898596
rotated_z_112 = 27.122786562705155
rotated_z_119 = 29.806306700338016
rotated_z_124 = 25.680301098355297
rotated_z_127 = 27.93359739264041
rotated_z_130 = 25.854605860864492
rotated_z_132 = 27.334431117201888
rotated_z_133 = 27.867555348686064
rotated_z_136 = 19.16848179136098
rotated_z_138 = 26.799800809390554
rotated_z_139 = 19.104375149293958
rotated_z_142 = 27.039021745261746
rotated_z_144 = 27.46716805617486
rotated_z_154 = 26.50913068541538
rotated_z_156 = 29.33322032902507
rotated_z_169 = 22.752205664018902
rotated_z_171 = 21.16974911695353
rotated_z_180 = 30.369276889785596
rotated_z_183 = 27.770276407327447
rotated_z_186 = 28.02568982662642
rotated_z_187 = 28.026133009841942
rotated_z_189 = 26.266402757646553
rotated_z_192 = 27.61120601385437
rotated_z_197 = 26.51228153633801
rotated_z_198 = 26.53456993882881
rotated_z_201 = 26.370388743294935
rotated_z_203 = 26.41191603063038
rotated_z_209 = 26.40269063759017
rotated_z_222 = 25.909015819847053
rotated_z_223 = 20.863036182585933
rotated_z_227 = 26.09221765790601
rotated_z_235 = 27.694150909937253
rotated_z_236 = 30.179876669478542
rotated_z_237 = 29.14081693514874
rotated_z_250 = 31.69560411955473
rotated_z_258 = 28.36145666976876
rotated_z_261 = 26.852833798964888
rotated_z_262 = 27.248173923558692
rotated_z_263 = 29.037719456788206
rotated_z_264 = 25.563716071043217
rotated_z_269 = 27.731156433808493
rotated_z_270 = 21.10593292709018
rotated_z_271 = 26.67925623546351
rotated_z_275 = 28.714253879964414
rotated_z_279 = 26.05492738205251
rotated_z_285 = 27.311284002292265
rotated_z_287 = 26.324893503168266
rotated_z_293 = 26.446208565098498
rotated_z_294 = 25.737499479836266
rotated_z_296 = 27.35649780214187
rotated_z_315 = 26.07130847898027
rotated_z_317 = 26.89875685381213
rotated_z_328 = 27.111105804807575
rotated_z_335 = 27.366240648090745
rotated_z_337 = 29.9022657600255
rotated_z_338 = 33.92938223557353
rotated_z_340 = 27.247036563842517
rotated_z_344 = 26.921215908442942
rotated_z_345 = 26.243373165144764
rotated_z_346 = 26.506207659196395
rotated_z_353 = 26.397388942140417
rotated_z_361 = 28.705610594670496
